nomo
0.1660242947731819
0.1707563388439446
0.1754844154092318
0.1802011614069884
0.1848990895574316
0.1895706127567641
0.1942080696509548
0.1988037512966767
0.2033499288079632
0.2078388818790804
0.2122629280665785
0.2166144527065569
0.2208859393369092
0.2250700004887684
0.2291594087066007
0.233147127652452
0.2370263431467649
0.2407904939960018
0.2444333024560547
0.2479488041801116
0.2513313775003017
0.2545757718940566
0.2576771354887012
0.2606310414613126
0.2634335131953383
0.2660810480608193
0.2685706396912814
0.2708997986373963
0.2730665712853253
0.2750695569361765
0.2769079229521783
0.2785814178849227
0.2800903825112838
0.2814357587133006
0.2826190961493373
0.2836425566751229
0.2845089164847289
0.2852215659530919
0.2857845071732347
0.2862023491927959
0.2864803009657675
0.2866241620463721
0.2866403110627164
0.2865356920181505
0.2863177984780903
0.2859946557093388
0.2855748008476393
0.285067261177237
0.2844815306135898
0.2838275444870121
0.2831156527309343
0.2823565915835942
0.2815614539163487
0.2807416583053804
0.2799089169664113
0.2790752026741248
0.2782527147893506
0.2774538445177549
0.2766911395237887
0.275977268023067
0.2753249824752077
0.2747470829975048
0.2742563806177228
0.2738656604818073
0.2735876451295016
0.2734349579477798
0.2734200869087213
0.2735553486950263
0.2738528533128307
0.2743244692879225
0.2749817895378722
0.2758360980090628
0.276898337164126
0.278179076401911
0.2796884814888362
0.2814362850772934
0.28343175838371
0.2856836840958937
0.2882003305763722
0.2909894274255603
0.294058142465726
0.2974130602037853
0.3010601618279699
0.3050048067902204
0.3092517160228244
0.3138049568341638
0.3186679295245256
0.3238433557585956
0.3293332687265604
0.3351390051205359
0.3412611989474035
0.347699777192937
0.3544539573454263
0.3615222467797731
0.3689024439953392
0.3765916416926133
0.3845862316651766
0.3928819114744448
0.401473692865375
0.4103559118718701
0.4195222405509645
0.428965700275298
0.4386786765038684
0.4486529349418015
0.4588796389909658
0.46934936838486
0.4800521388934261
0.4909774229764131
0.5021141712577681
0.5134508346884267
0.5249753872608133
0.5366753491356113
0.5485378100398566
0.5605494527953491
0.5726965768377701
0.5849651215898425
0.5973406895563473
0.609808569014984
0.6223537561847644
0.6349609767630721
0.6476147067334846
0.6602991923591233
0.6729984692904397
0.6856963807320737
0.6983765946305459
0.7110226198630393
0.7236178214272879
0.7361454346534686
0.7485885784808489
0.7609302678646569
0.7731534254019387
0.7852408922888949
0.7971754387460986
0.8089397740717218
0.8205165565062609
0.8318884031147474
0.8430378999138014
0.8539476124905975
0.8646000973784623
0.8749779144688695
0.8850636407515137
0.8948398856823735
0.9042893084835708
0.9133946376779021
0.9221386931544538
0.9305044110491966
0.938474871705386
0.9460333309523961
0.953163254908044
0.9598483584681373
0.9660726475978642
0.9718204654828081
0.9770765425330635
0.9818260501627162
0.9860546581896444
0.9897485956182315
0.9928947144816003
0.995480556332014
0.9974944208801401
0.9989254361980917
0.999763629820019
1
0.9996265863227263
0.9986365388104967
0.9970241846327776
0.9947850915041206
0.991916126854372
0.988415511873015
0.9842828695678444
0.9795192660369021
0.9741272442309018
0.9681108495796809
0.9614756469682354
0.9542287286726617
0.9463787130002476
0.937935733517105
0.928911418886857
0.9193188634807028
0.9091725890485811
0.898488497859408
0.887283817822228
0.8755770401872252
0.8633878504941631
0.8507370534853497
0.8376464927307443
0.8241389657255066
0.8102381352168635
0.7959684375000823
0.7813549883954715
0.7664234875826088
0.7512001219275698
0.7357114683964928
0.71998439710687
0.704045975028345
0.6879233708087924
0.6716437611697214
0.655234239287527
0.6387217255532947
0.6221328810827028
0.6054940243277958
0.5888310511225662
0.5721693584729871
0.5555337723781557
0.5389484799417144
0.522436966001166
0.5060219544671867
0.4897253545260964
0.4735682118171829
0.4575706646540612
0.4417519053172707
0.4261301464056219
0.4107225921981618
0.3955454149484945
0.3806137360097515
0.3659416116723515
0.3515420235878984
0.3374268736504839
0.3236069832101018
0.3100920964999263
0.2968908881677096
0.2840109748088505
0.2714589304023205
0.2592403055481291
0.2473596503945069
0.2358205411231719
0.2246256098315761
0.2137765776123926
0.2032742905843572
0.1931187585773331
0.1833091961214904
0.1738440653395638
0.164721120296389
0.1559374523253032
0.1474895358300429
0.1393732740562978
0.131584044340811
0.1241167423783318
0.1169658250971229
0.1101253517999514
0.1035890233064195
0.09735021891990589
0.0914020311336271
0.08573729808027582
0.08034863381348621
0.07522845658247237
0.07036901531988095
0.06576241460442872
0.06140063838268429
0.0572755727380705
0.05337902798061614
0.04970276030018884
0.0462384931816806
0.04297793872646956
0.03991281896432583
0.03703488717778216
0.0343359492007053
0.03180788459779223
0.02944266758483334
0.02723238751290724
0.02516926871453098
0.02324568949667087
0.02145420006419595
0.01978753916694179
0.01823864928263476
0.01680069017474872
0.01546705069693639
0.01423135875194535
0.0130874893509113
0.01202957075678731
0.01105198873184785
0.01014938894241114
0.009316677603192982
0.008549020468383305
0.00784184029628337
0.007190812929064904
0.00659186213905454
0.006041153398225769
0.005535086728741267
0.005070288789964316
0.004643604351927299
0.004252087297399303
0.003892991285004554
0.003563760194850724
0.00326201846631259
0.002985561425411166
0.002732345686990195
0.002500479704917835
0.0022882145320648
0.002093934841005312
0.001916150246380026
0.00175348696072574
0.001604679807357728
0.00146856460659333
0.001344070945215052
0.001230215333550896
0.001126094749849359
0.001030880567688348
0.0009438128589138928
0.0008641950619907318
0.0007913890035918907
0.0007248102596941323
0.0006639238413146388
0.0006082401892638737
0.0005573114618431564
0.0005107280992342427
0.0004681156483656117
0.0004291318322564964
0.0003934638481989615
0.0003608258796096512
0.0003309568069390481
0.0003036181036445686
0.0002785919038946425
0.0002556792293581027
0.0002346983631331147
0.0002154833595712205
0.0001978826794462611
0.0001817579405976786
0.0001669827748375603
0.0001534417825466856
0.0001410295769937412
0.0001296499109918027
0.0001192148790558193
0.0001096441887436832
0.0001008644953513714
9.280879458994553e-05
8.541586829964086e-05
7.862977865462555e-05
7.239940668253722e-05
6.667803126664781e-05
6.142294511696408e-05
5.659510449092524e-05
5.215880971614731e-05
4.808141381815561e-05
4.43330567866764e-05
4.088642322611266e-05
3.77165213306199e-05
3.480048130293802e-05
3.211737150001056e-05
2.964803073856095e-05
2.737491533120866e-05
2.528195954944812e-05
2.335444832474274e-05
2.157890110402984e-05
1.994296587185041e-05
1.843532243889817e-05
1.704559417668918e-05
1.576426745095908e-05
1.458261807286995e-05
1.349264414771416e-05
1.248700475604521e-05
1.155896395249744e-05
1.070233961341658e-05
9.911456706197348e-06
9.181104591266892e-06
8.506498002304716e-06
7.883241381835385e-06
7.307296278057636e-06
6.774951534928535e-06
6.282796031329985e-06
5.827693746824628e-06
5.40676095124126e-06
5.017345333298325e-06
4.657006899829068e-06
4.323500492065201e-06
4.014759778994154e-06
3.728882600150211e-06
3.464117541441979e-06
3.218851637854672e-06
2.99159910619008e-06
2.78099101949696e-06
2.585765842580591e-06
2.404760755025424e-06
2.236903694585058e-06
2.081206059642843e-06
1.936756014777383e-06
1.802712348325469e-06
1.678298835263721e-06
1.562799062767946e-06
1.455551679490094e-06
1.355946032950689e-06
1.263418162505739e-06
1.177447118141086e-06
1.097551577895078e-06
1.023286739036232e-06
9.542414602446597e-07
8.900356339834714e-07
8.303177700151176e-07
7.747627726325376e-07
7.230698956500881e-07
6.749608605466484e-07
6.301781243840249e-07
5.884832852488766e-07
5.496556139941954e-07
5.134907019962772e-07
4.797992155021977e-07
4.484057479285148e-07
4.191477621906638e-07
3.918746157997225e-07
3.664466620648523e-07
3.427344212901782e-07
3.206178163586644e-07
2.99985467556903e-07
2.807340419170882e-07
2.627676527392992e-07
2.459973053116074e-07
2.303403851701818e-07
2.157201855391422e-07
2.020654708625702e-07
1.893100735911621e-07
1.773925216152267e-07
1.662556939459702e-07
1.558465024398907e-07
1.461155975380474e-07
1.37017096154326e-07
1.285083299958799e-07
1.205496127357199e-07
1.131040245830749e-07
1.061372129125017e-07
9.961720771868784e-08
9.351425076129443e-08
8.780063735360731e-08
8.245056983104097e-08
7.744002181110187e-08
7.274661242595117e-08
6.834948977260316e-08
6.42292228846155e-08
6.03677015832031e-08
5.674804361548971e-08
5.335450853341849e-08
5.01724178090197e-08
4.718808072055039e-08
4.438872557978228e-08
4.176243590364864e-08
3.929809116379368e-08
3.698531177553003e-08
3.481440801346532e-08
3.277633256481624e-08
3.08626364533152e-08
2.906542808680668e-08
2.737733520025047e-08
2.579146948302737e-08
2.430139369528799e-08
2.290109109271244e-08
2.15849369925451e-08
2.034767232623397e-08
1.918437903550366e-08
1.80904571793237e-08
1.706160362904357e-08
1.609379223803502e-08
1.518325538056167e-08
1.43264667623361e-08
1.352012541238483e-08
1.276114077245721e-08
1.204661880633316e-08
1.137384905704328e-08
1.074029258525144e-08
1.014357072689005e-08
9.581454612622301e-09
9.051855395852064e-09
8.552815139841724e-09
8.082498318054515e-09
7.639183885126492e-09
7.221257878926392e-09
6.827206516981576e-09
6.455609753168337e-09
6.105135262987216e-09
5.774532827992413e-09
5.462629092027477e-09
5.168322663850722e-09
4.890579542524647e-09
4.628428843605524e-09
4.380958805709233e-09
4.147313058459786e-09
3.926687134153337e-09
3.718325206701208e-09
3.521517042559654e-09
3.335595149413256e-09
3.15993210936597e-09
2.993938084307271e-09
2.837058481972212e-09
2.688771772002643e-09
2.548587442051278e-09
2.416044084651831e-09
2.290707606212446e-09
2.172169550078554e-09
2.060045526159327e-09
1.953973740121278e-09
1.853613615626332e-09
1.758644503532677e-09
1.66876447238631e-09
1.583689174913518e-09
1.503150785579083e-09
1.426897004605815e-09
1.354690124159028e-09
1.286306152685719e-09
1.221533993665432e-09
1.160174675278377e-09
1.102040627727679e-09
1.046955005168805e-09
9.947510493999088e-10
